[array([[ 1.75705e-01+0.00000e+00j,  2.29610e-02-3.59300e-03j,
        -8.43380e-02+1.28990e-02j, -6.20120e-02+1.77600e-03j,
        -7.13070e-02-7.38590e-02j,  1.22000e-04+3.35440e-02j,
         1.26131e-01-3.19300e-03j,  2.94201e-01-1.38003e-01j],
       [ 2.29610e-02+3.59300e-03j,  3.07400e-03+0.00000e+00j,
        -1.12850e-02-3.90000e-05j, -8.14000e-03-1.03600e-03j,
        -7.80800e-03-1.11100e-02j, -6.70000e-04+4.38600e-03j,
         1.65480e-02+2.16200e-03j,  4.12680e-02-1.20180e-02j],
       [-8.43380e-02-1.28990e-02j, -1.12850e-02+3.90000e-05j,
         4.14290e-02+0.00000e+00j,  2.98960e-02+3.70000e-03j,
         2.88050e-02+4.06870e-02j,  2.40400e-03-1.61100e-02j,
        -6.07770e-02-7.72700e-03j, -1.51347e-01+4.46430e-02j],
       [-6.20120e-02-1.77600e-03j, -8.14000e-03+1.03600e-03j,
         2.98960e-02-3.70000e-03j,  2.19040e-02+0.00000e+00j,
         2.44200e-02+2.67880e-02j,  2.96000e-04-1.18400e-02j,
        -4.45480e-02-1.48000e-04j, -1.05228e-01+4.57320e-02j],
       [-7.13070e-02+7.38590e-02j, -7.80800e-03+1.11100e-02j,
         2.88050e-02-4.06870e-02j,  2.44200e-02-2.67880e-02j,
         5.99860e-02+0.00000e+00j, -1.41500e-02-1.35620e-02j,
        -4.98460e-02+5.43160e-02j, -6.13860e-02+1.79676e-01j],
       [ 1.22000e-04-3.35440e-02j, -6.70000e-04-4.38600e-03j,
         2.40400e-03+1.61100e-02j,  2.96000e-04+1.18400e-02j,
        -1.41500e-02+1.35620e-02j,  6.40400e-03+0.00000e+00j,
        -5.22000e-04-2.40820e-02j, -2.61420e-02-5.62620e-02j],
       [ 1.26131e-01+3.19300e-03j,  1.65480e-02-2.16200e-03j,
        -6.07770e-02+7.72700e-03j, -4.45480e-02+1.48000e-04j,
        -4.98460e-02-5.43160e-02j, -5.22000e-04+2.40820e-02j,
         9.06020e-02+0.00000e+00j,  2.13702e-01-9.37200e-02j],
       [ 2.94201e-01+1.38003e-01j,  4.12680e-02+1.20180e-02j,
        -1.51347e-01-4.46430e-02j, -1.05228e-01-4.57320e-02j,
        -6.13860e-02-1.79676e-01j, -2.61420e-02+5.62620e-02j,
         2.13702e-01+9.37200e-02j,  6.01002e-01+0.00000e+00j]]), array([[ 0.299749+0.j      ,  0.068363-0.012164j, -0.172919-0.170234j,
        -0.062728+0.118327j, -0.148493-0.094218j, -0.009686+0.152214j,
         0.068542+0.170579j, -0.067108-0.190267j],
       [ 0.068363+0.012164j,  0.016085+0.j      , -0.032529-0.045842j,
        -0.019108+0.024441j, -0.030043-0.027514j, -0.008386+0.034322j,
         0.00871 +0.041685j, -0.007584-0.046117j],
       [-0.172919+0.170234j, -0.032529+0.045842j,  0.196433+0.j      ,
        -0.031014-0.103885j,  0.139171-0.02998j , -0.080858-0.09331j ,
        -0.136416-0.059477j,  0.14677 +0.071649j],
       [-0.062728-0.118327j, -0.019108-0.024441j, -0.031014+0.103885j,
         0.059837+0.j      , -0.006118+0.078335j,  0.062114-0.02803j ,
         0.052993-0.062754j, -0.061065+0.066308j],
       [-0.148493+0.094218j, -0.030043+0.027514j,  0.139171+0.02998j ,
        -0.006118-0.078335j,  0.103177+0.j      , -0.043046-0.07845j ,
        -0.087572-0.062959j,  0.09305 +0.073163j],
       [-0.009686-0.152214j, -0.008386-0.034322j, -0.080858+0.09331j ,
         0.062114+0.02803j , -0.043046+0.07845j ,  0.077608+0.j      ,
         0.084406-0.040318j, -0.09445 +0.040226j],
       [ 0.068542-0.170579j,  0.00871 -0.041685j, -0.136416+0.059477j,
         0.052993+0.062754j, -0.087572+0.062959j,  0.084406+0.040318j,
         0.112745+0.j      , -0.123621-0.005318j],
       [-0.067108+0.190267j, -0.007584+0.046117j,  0.14677 -0.071649j,
        -0.061065-0.066308j,  0.09305 -0.073163j, -0.09445 -0.040226j,
        -0.123621+0.005318j,  0.135797+0.j      ]]), array([[ 0.07092 +0.j      , -0.068478-0.056826j,  0.01284 -0.033j   ,
        -0.012948+0.064584j,  0.194724+0.097368j,  0.04773 +0.03585j ,
         0.029652+0.022704j,  0.005838-0.004554j],
       [-0.068478+0.056826j,  0.111653+0.j      ,  0.014044+0.042152j,
        -0.039247-0.072735j, -0.266037+0.062011j, -0.074812+0.003629j,
        -0.046823+0.001837j, -0.001988+0.009075j],
       [ 0.01284 +0.033j   ,  0.014044-0.042152j,  0.01768 +0.j      ,
        -0.032396+0.005668j, -0.010052+0.108236j, -0.00804 +0.0287j  ,
        -0.005196+0.017908j,  0.003176+0.001892j],
       [-0.012948-0.064584j, -0.039247+0.072735j, -0.032396-0.005668j,
         0.061178+0.j      ,  0.053118-0.195104j,  0.023933-0.050011j,
         0.015262-0.031148j, -0.005213-0.004485j],
       [ 0.194724-0.097368j, -0.266037-0.062011j, -0.010052-0.108236j,
         0.053118+0.195104j,  0.66833 +0.j      ,  0.180271+0.032903j,
         0.112586+0.021628j,  0.009777-0.020519j],
       [ 0.04773 -0.03585j , -0.074812-0.003629j, -0.00804 -0.0287j  ,
         0.023933+0.050011j,  0.180271-0.032903j,  0.050245+0.j      ,
         0.031433+0.000291j,  0.001627-0.006016j],
       [ 0.029652-0.022704j, -0.046823-0.001837j, -0.005196-0.017908j,
         0.015262+0.031148j,  0.112586-0.021628j,  0.031433-0.000291j,
         0.019666+0.j      ,  0.000983-0.003773j],
       [ 0.005838+0.004554j, -0.001988-0.009075j,  0.003176-0.001892j,
        -0.005213+0.004485j,  0.009777+0.020519j,  0.001627+0.006016j,
         0.000983+0.003773j,  0.000773+0.j      ]]), array([[ 5.40560e-02+0.j      , -4.35480e-02+0.014496j,
         1.23656e-01-0.059044j,  1.08150e-01+0.097274j,
         3.43140e-02+0.051478j, -3.18980e-02+0.050378j,
         1.26740e-02-0.008654j,  3.06800e-02-0.02306j ],
       [-4.35480e-02-0.014496j,  3.89700e-02+0.j      ,
        -1.15452e-01+0.014406j, -6.10410e-02-0.107367j,
        -1.38390e-02-0.050673j,  3.92070e-02-0.032031j,
        -1.25310e-02+0.003573j, -3.09000e-02+0.01035j ],
       [ 1.23656e-01+0.059044j, -1.15452e-01-0.014406j,
         3.47362e-01+0.j      ,  1.41149e-01+0.340649j,
         2.22670e-02+0.155239j, -1.27995e-01+0.080401j,
         3.84450e-02-0.005953j,  9.53700e-02-0.01924j ],
       [ 1.08150e-01-0.097274j, -6.10410e-02+0.107367j,
         1.41149e-01-0.340649j,  3.91421e-01+0.j      ,
         1.61287e-01+0.041244j,  2.68370e-02+0.158192j,
         9.78400e-03-0.040121j,  1.98850e-02-0.101345j],
       [ 3.43140e-02-0.051478j, -1.38390e-02+0.050673j,
         2.22670e-02-0.155239j,  1.61287e-01-0.041244j,
         7.08050e-02+0.j      ,  2.77270e-02+0.062356j,
        -1.96000e-04-0.017563j, -2.48500e-03-0.043855j],
       [-3.18980e-02-0.050378j,  3.92070e-02+0.032031j,
        -1.27995e-01-0.080401j,  2.68370e-02-0.158192j,
         2.77270e-02-0.062356j,  6.57730e-02+0.j      ,
        -1.55440e-02-0.006705j, -3.95950e-02-0.014985j],
       [ 1.26740e-02+0.008654j, -1.25310e-02-0.003573j,
         3.84450e-02+0.005953j,  9.78400e-03+0.040121j,
        -1.96000e-04+0.017563j, -1.55440e-02+0.006705j,
         4.35700e-03+0.j      ,  1.08850e-02-0.000495j],
       [ 3.06800e-02+0.02306j , -3.09000e-02-0.01035j ,
         9.53700e-02+0.01924j ,  1.98850e-02+0.101345j,
        -2.48500e-03+0.043855j, -3.95950e-02+0.014985j,
         1.08850e-02+0.000495j,  2.72500e-02+0.j      ]]), array([[ 0.136324+0.00000e+00j,  0.034816+9.01600e-03j,
        -0.145466-1.16686e-01j, -0.00391 +4.29200e-02j,
        -0.129776-6.05460e-02j,  0.046326+1.04764e-01j,
         0.07567 +1.93920e-02j, -0.1395  -1.43474e-01j],
       [ 0.034816-9.01600e-03j,  0.009488+0.00000e+00j,
        -0.044868-2.01800e-02j,  0.00184 +1.12200e-02j,
        -0.037148-6.88000e-03j,  0.01876 +2.36920e-02j,
         0.020608-5.20000e-05j, -0.045116-2.74160e-02j],
       [-0.145466+1.16686e-01j, -0.044868+2.01800e-02j,
         0.255098+0.00000e+00j, -0.032565-4.91450e-02j,
         0.190303-4.64750e-02j, -0.139105-7.21370e-02j,
        -0.097343+4.40770e-02j,  0.271661+3.36910e-02j],
       [-0.00391 -4.29200e-02j,  0.00184 -1.12200e-02j,
        -0.032565+4.91450e-02j,  0.013625+0.00000e+00j,
        -0.01534 +4.25950e-02j,  0.031655-1.75900e-02j,
         0.003935-2.43800e-02j, -0.04117 +4.80350e-02j],
       [-0.129776+6.05460e-02j, -0.037148+6.88000e-03j,
         0.190303+4.64750e-02j, -0.01534 -4.25950e-02j,
         0.150433+0.00000e+00j, -0.09063 -7.91570e-02j,
        -0.080648+1.51470e-02j,  0.196521+7.46260e-02j],
       [ 0.046326-1.04764e-01j,  0.01876 -2.36920e-02j,
        -0.139105+7.21370e-02j,  0.031655+1.75900e-02j,
        -0.09063 +7.91570e-02j,  0.096253+0.00000e+00j,
         0.040617-5.15620e-02j, -0.157664+5.84490e-02j],
       [ 0.07567 -1.93920e-02j,  0.020608+5.20000e-05j,
        -0.097343-4.40770e-02j,  0.003935+2.43800e-02j,
        -0.080648-1.51470e-02j,  0.040617+5.15620e-02j,
         0.044761+0.00000e+00j, -0.097842-5.97950e-02j],
       [-0.1395  +1.43474e-01j, -0.045116+2.74160e-02j,
         0.271661-3.36910e-02j, -0.04117 -4.80350e-02j,
         0.196521-7.46260e-02j, -0.157664-5.84490e-02j,
        -0.097842+5.97950e-02j,  0.293749+0.00000e+00j]]), array([[ 0.134005+0.j      ,  0.084405-0.067585j, -0.056209-0.039812j,
         0.035372-0.111214j,  0.193293+0.043459j, -0.125452-0.041356j,
         0.006556-0.143692j, -0.049037+0.079099j],
       [ 0.084405+0.067585j,  0.08725 +0.j      , -0.015325-0.053425j,
         0.07837 -0.05221j ,  0.09983 +0.12486j , -0.05816 -0.08932j ,
         0.0766  -0.0872j  , -0.07078 +0.02509j ],
       [-0.056209+0.039812j, -0.015325+0.053425j,  0.035405+0.j      ,
         0.018204+0.057158j, -0.093989+0.039197j,  0.064908-0.019924j,
         0.03994 +0.06222j , -0.002931-0.047747j],
       [ 0.035372+0.111214j,  0.07837 +0.05221j ,  0.018204-0.057158j,
         0.101636+0.j      ,  0.014954+0.17189j ,  0.001208-0.115032j,
         0.120984-0.032488j, -0.07859 -0.019818j],
       [ 0.193293-0.043459j,  0.09983 -0.12486j , -0.093989-0.039197j,
         0.014954-0.17189j ,  0.292906+0.j      , -0.194368-0.018968j,
        -0.037144-0.209392j, -0.04508 +0.129998j],
       [-0.125452+0.041356j, -0.05816 +0.08932j ,  0.064908+0.019924j,
         0.001208+0.115032j, -0.194368+0.018968j,  0.130208+0.j      ,
         0.038208+0.136544j,  0.021496-0.089184j],
       [ 0.006556+0.143692j,  0.0766  +0.0872j  ,  0.03994 -0.06222j ,
         0.120984+0.032488j, -0.037144+0.209392j,  0.038208-0.136544j,
         0.1544  +0.j      , -0.087216-0.048712j],
       [-0.049037-0.079099j, -0.07078 -0.02509j , -0.002931+0.047747j,
        -0.07859 +0.019818j, -0.04508 -0.129998j,  0.021496+0.089184j,
        -0.087216+0.048712j,  0.064634+0.j      ]]), array([[ 0.167994+0.j      ,  0.052947-0.091611j,  0.176796+0.064584j,
         0.028458-0.033048j, -0.005463-0.043119j,  0.25785 +0.028332j,
         0.08154 -0.06246j ,  0.093231+0.052695j],
       [ 0.052947+0.091611j,  0.066645+0.j      ,  0.020502+0.116766j,
         0.026991+0.005103j,  0.021792-0.016569j,  0.065817+0.149541j,
         0.05976 +0.02478j ,  0.000648+0.067449j],
       [ 0.176796-0.064584j,  0.020502-0.116766j,  0.210888+0.j      ,
         0.017244-0.04572j , -0.022326-0.043278j,  0.282252-0.069312j,
         0.0618  -0.09708j ,  0.118374+0.019614j],
       [ 0.028458+0.033048j,  0.026991-0.005103j,  0.017244+0.04572j ,
         0.011322+0.j      ,  0.007557-0.008379j,  0.038106+0.055524j,
         0.0261  +0.00546j ,  0.005427+0.027267j],
       [-0.005463+0.043119j,  0.021792+0.016569j, -0.022326+0.043278j,
         0.007557+0.008379j,  0.011245+0.j      , -0.015657+0.065261j,
         0.01338 +0.02296j , -0.016557+0.022216j],
       [ 0.25785 -0.028332j,  0.065817-0.149541j,  0.282252+0.069312j,
         0.038106-0.055524j, -0.015657-0.065261j,  0.400546+0.j      ,
         0.11462 -0.10962j ,  0.151985+0.065157j],
       [ 0.08154 +0.06246j ,  0.05976 -0.02478j ,  0.0618  +0.09708j ,
         0.0261  -0.00546j ,  0.01338 -0.02296j ,  0.11462 +0.10962j ,
         0.0628  +0.j      ,  0.02566 +0.06024j ],
       [ 0.093231-0.052695j,  0.000648-0.067449j,  0.118374-0.019614j,
         0.005427-0.027267j, -0.016557-0.022216j,  0.151985-0.065157j,
         0.02566 -0.06024j ,  0.068269+0.j      ]]), array([[ 0.46793 +0.j      ,  0.124471+0.155693j, -0.218866-0.076618j,
        -0.092615+0.048535j, -0.311488+0.005686j, -0.129388-0.032424j,
         0.041576-0.093982j,  0.109894+0.087182j],
       [ 0.124471-0.155693j,  0.084913+0.j      , -0.083712+0.052442j,
        -0.008487+0.043726j, -0.080965+0.105153j, -0.045206+0.034426j,
        -0.020211-0.038833j,  0.05824 -0.013374j],
       [-0.218866+0.076618j, -0.083712-0.052442j,  0.114916+0.j      ,
         0.035372-0.037866j,  0.144762-0.053662j,  0.065828-0.00602j ,
        -0.004058+0.050766j, -0.065676-0.022784j],
       [-0.092615-0.048535j, -0.008487-0.043726j,  0.035372+0.037866j,
         0.023365+0.j      ,  0.062241+0.031183j,  0.022246+0.019838j,
        -0.017977+0.014289j, -0.012708-0.028654j],
       [-0.311488-0.005686j, -0.080965-0.105153j,  0.144762+0.053662j,
         0.062241-0.031183j,  0.207418+0.j      ,  0.085736+0.023156j,
        -0.028818+0.062056j, -0.072094-0.05937j ],
       [-0.129388+0.032424j, -0.045206-0.034426j,  0.065828+0.00602j ,
         0.022246-0.019838j,  0.085736-0.023156j,  0.038024+0.j      ,
        -0.004984+0.028868j, -0.036428-0.016492j],
       [ 0.041576+0.093982j, -0.020211+0.038833j, -0.004058-0.050766j,
        -0.017977-0.014289j, -0.028818-0.062056j, -0.004984-0.028868j,
         0.02257 +0.j      , -0.007746+0.029818j],
       [ 0.109894-0.087182j,  0.05824 +0.013374j, -0.065676+0.022784j,
        -0.012708+0.028654j, -0.072094+0.05937j , -0.036428+0.016492j,
        -0.007746-0.029818j,  0.042052+0.j      ]]), array([[ 2.00000e-06+0.00000e+00j,  2.01000e-04-3.09000e-04j,
        -4.97000e-04-7.50000e-05j,  1.61000e-04-7.50000e-05j,
         3.12000e-04+2.66000e-04j, -3.50000e-04-4.56000e-04j,
         5.30000e-05-5.25000e-04j,  5.17000e-04+7.31000e-04j],
       [ 2.01000e-04+3.09000e-04j,  6.79410e-02+0.00000e+00j,
        -3.83610e-02-8.43240e-02j,  2.77680e-02+1.73370e-02j,
        -9.74100e-03+7.49370e-02j,  3.52770e-02-9.99030e-02j,
         8.64390e-02-4.45740e-02j, -6.09810e-02+1.53342e-01j],
       [-4.97000e-04+7.50000e-05j, -3.83610e-02+8.43240e-02j,
         1.26317e-01+0.00000e+00j, -3.71960e-02+2.46750e-02j,
        -8.75070e-02-5.44010e-02j,  1.04075e-01+1.00191e-01j,
         6.51700e-03+1.32450e-01j, -1.55887e-01-1.62266e-01j],
       [ 1.61000e-04+7.50000e-05j,  2.77680e-02-1.73370e-02j,
        -3.71960e-02-2.46750e-02j,  1.57730e-02+0.00000e+00j,
         1.51410e-02+3.31130e-02j, -1.10750e-02-4.98330e-02j,
         2.39540e-02-4.02750e-02j,  1.42060e-02+7.82330e-02j],
       [ 3.12000e-04-2.66000e-04j, -9.74100e-03-7.49370e-02j,
        -8.75070e-02+5.44010e-02j,  1.51410e-02-3.31130e-02j,
         8.40500e-02+0.00000e+00j, -1.15248e-01-2.45860e-02j,
        -6.15570e-02-8.89490e-02j,  1.77875e-01+4.52750e-02j],
       [-3.50000e-04+4.56000e-04j,  3.52770e-02+9.99030e-02j,
         1.04075e-01-1.00191e-01j, -1.10750e-02+4.98330e-02j,
        -1.15248e-01+2.45860e-02j,  1.65218e-01+0.00000e+00j,
         1.10425e-01+1.03959e-01j, -2.57143e-01-1.00490e-02j],
       [ 5.30000e-05+5.25000e-04j,  8.64390e-02+4.45740e-02j,
         6.51700e-03-1.32450e-01j,  2.39540e-02+4.02750e-02j,
        -6.15570e-02+8.89490e-02j,  1.10425e-01-1.03959e-01j,
         1.39217e-01+0.00000e+00j, -1.78187e-01+1.55084e-01j],
       [ 5.17000e-04-7.31000e-04j, -6.09810e-02-1.53342e-01j,
        -1.55887e-01+1.62266e-01j,  1.42060e-02-7.82330e-02j,
         1.77875e-01-4.52750e-02j, -2.57143e-01+1.00490e-02j,
        -1.78187e-01-1.55084e-01j,  4.00825e-01+0.00000e+00j]]), array([[ 0.29765 +0.j      , -0.04658 +0.04419j , -0.17908 +0.07266j ,
        -0.04776 -0.05297j ,  0.11522 +0.17822j , -0.30752 -0.0842j  ,
        -0.005105-0.063665j,  0.010945+0.107635j],
       [-0.04658 -0.04419j ,  0.01385 +0.j      ,  0.038812+0.015216j,
        -0.00039 +0.01538j ,  0.008428-0.044996j,  0.035624+0.058832j,
        -0.008653+0.010721j,  0.014267-0.018469j],
       [-0.17908 -0.07266j ,  0.038812-0.015216j,  0.12548 +0.j      ,
         0.015804+0.043528j, -0.025816-0.135352j,  0.164464+0.125728j,
        -0.01247 +0.03955j ,  0.01969 -0.06743j ],
       [-0.04776 +0.05297j , -0.00039 -0.01538j ,  0.015804-0.043528j,
         0.01709 +0.j      , -0.050204-0.008092j,  0.064328-0.041216j,
         0.012149+0.009307j, -0.020911-0.015323j],
       [ 0.11522 -0.17822j ,  0.008428+0.044996j, -0.025816+0.135352j,
        -0.050204+0.008092j,  0.151312+0.j      , -0.169456+0.151536j,
        -0.040096-0.021588j,  0.068684+0.035112j],
       [-0.30752 +0.0842j  ,  0.035624-0.058832j,  0.164464-0.125728j,
         0.064328+0.041216j, -0.169456-0.151536j,  0.341536+0.j      ,
         0.023284+0.064332j, -0.041756-0.108108j],
       [-0.005105+0.063665j, -0.008653-0.010721j, -0.01247 -0.03955j ,
         0.012149-0.009307j, -0.040096+0.021588j,  0.023284-0.064332j,
         0.013705+0.j      , -0.02321 +0.000495j],
       [ 0.010945-0.107635j,  0.014267+0.018469j,  0.01969 +0.06743j ,
        -0.020911+0.015323j,  0.068684-0.035112j, -0.041756+0.108108j,
        -0.02321 -0.000495j,  0.039325+0.j      ]]), array([[ 0.05161 +0.j      ,  0.106441-0.052063j, -0.027416+0.008198j,
        -0.013452+0.025686j,  0.019842-0.023316j, -0.03202 +0.02035j ,
        -0.016364-0.100518j,  0.052405-0.133455j],
       [ 0.106441+0.052063j,  0.272045+0.j      , -0.064813-0.010749j,
        -0.053655+0.039405j,  0.064443-0.028071j, -0.086567+0.009669j,
         0.067651-0.223817j,  0.242707-0.222374j],
       [-0.027416-0.008198j, -0.064813+0.010749j,  0.015866+0.j      ,
         0.011226-0.011508j, -0.014244+0.009234j,  0.020242-0.005724j,
        -0.007274+0.055996j, -0.049037+0.062569j],
       [-0.013452-0.025686j, -0.053655-0.039405j,  0.011226+0.011508j,
         0.01629 +0.j      , -0.016776-0.003798j,  0.018474+0.010632j,
        -0.045762+0.034344j, -0.080079+0.008703j],
       [ 0.019842+0.023316j,  0.064443+0.028071j, -0.014244-0.009234j,
        -0.016776+0.003798j,  0.018162+0.j      , -0.021504-0.006642j,
         0.03912 -0.046038j,  0.080439-0.027633j],
       [-0.03202 -0.02035j , -0.086567-0.009669j,  0.020242+0.005724j,
         0.018474-0.010632j, -0.021504+0.006642j,  0.02789 +0.j      ,
        -0.029482+0.068816j, -0.085135+0.062135j],
       [-0.016364+0.100518j,  0.067651+0.223817j, -0.007274-0.055996j,
        -0.045762-0.034344j,  0.03912 +0.046038j, -0.029482-0.068816j,
         0.200962+0.j      ,  0.243307+0.144381j],
       [ 0.052405+0.133455j,  0.242707+0.222374j, -0.049037-0.062569j,
        -0.080079-0.008703j,  0.080439+0.027633j, -0.085135-0.062135j,
         0.243307-0.144381j,  0.398305+0.j      ]]), array([[ 2.07400e-03+0.j      , -7.00000e-06-0.004681j,
        -1.11000e-02-0.007586j,  9.69700e-03+0.001791j,
        -7.16800e-03-0.004478j,  3.44600e-03+0.013212j,
         2.93000e-03+0.01718j ,  3.17940e-02-0.01399j ],
       [-7.00000e-06+0.004681j,  1.05650e-02+0.j      ,
         1.71590e-02-0.025027j, -4.07500e-03+0.02188j ,
         1.01310e-02-0.016163j, -2.98310e-02+0.007733j,
        -3.87850e-02+0.006555j,  3.14680e-02+0.071806j],
       [-1.11000e-02+0.007586j,  1.71590e-02+0.025027j,
         8.71540e-02+0.j      , -5.84490e-02+0.025883j,
         5.47420e-02-0.002252j, -6.67680e-02-0.058106j,
        -7.85200e-02-0.08123j , -1.18990e-01+0.191166j],
       [ 9.69700e-03-0.001791j, -4.07500e-03-0.02188j ,
        -5.84490e-02-0.025883j,  4.68850e-02+0.j      ,
        -3.73810e-02-0.014747j,  2.75210e-02+0.058797j,
         2.85350e-02+0.077795j,  1.36572e-01-0.092866j],
       [-7.16800e-03+0.004478j,  1.01310e-02+0.016163j,
         5.47420e-02+0.002252j, -3.73810e-02+0.014747j,
         3.44420e-02+0.j      , -4.04360e-02-0.038222j,
        -4.72200e-02-0.05305j , -7.96780e-02+0.116998j],
       [ 3.44600e-03-0.013212j, -2.98310e-02-0.007733j,
        -6.67680e-02+0.058106j,  2.75210e-02-0.058797j,
        -4.04360e-02+0.038222j,  8.98900e-02+0.j      ,
         1.14310e-01+0.00988j , -3.62940e-02-0.225782j],
       [ 2.93000e-03-0.01718j , -3.87850e-02-0.006555j,
        -7.85200e-02+0.08123j ,  2.85350e-02-0.077795j,
        -4.72200e-02+0.05305j ,  1.14310e-01-0.00988j ,
         1.46450e-01+0.j      , -7.09700e-02-0.28313j ],
       [ 3.17940e-02+0.01399j ,  3.14680e-02-0.071806j,
        -1.18990e-01-0.191166j,  1.36572e-01+0.092866j,
        -7.96780e-02-0.116998j, -3.62940e-02+0.225782j,
        -7.09700e-02+0.28313j ,  5.81764e-01+0.j      ]]), array([[ 0.199205+0.j      , -0.169276+0.147552j,  0.008187-0.006209j,
         0.188077+0.043526j,  0.173863+0.151609j,  0.090607+0.034451j,
        -0.073737+0.038549j,  0.047537-0.007389j],
       [-0.169276-0.147552j,  0.253136+0.j      , -0.011556-0.000788j,
        -0.12758 -0.176296j, -0.035444-0.257612j, -0.051476-0.096388j,
         0.091212+0.02186j , -0.045868-0.028932j],
       [ 0.008187+0.006209j, -0.011556+0.000788j,  0.00053 +0.j      ,
         0.006373+0.007651j,  0.00242 +0.01165j ,  0.00265 +0.00424j ,
        -0.004232-0.000714j,  0.002184+0.001178j],
       [ 0.188077-0.043526j, -0.12758 +0.176296j,  0.006373-0.007651j,
         0.187081+0.j      ,  0.197277+0.105151j,  0.093073+0.012729j,
        -0.061195+0.052507j,  0.043267-0.017363j],
       [ 0.173863-0.151609j, -0.035444+0.257612j,  0.00242 -0.01165j ,
         0.197277-0.105151j,  0.26713 +0.j      ,  0.1053  -0.03889j ,
        -0.035018+0.089764j,  0.035866-0.042628j],
       [ 0.090607-0.034451j, -0.051476+0.096388j,  0.00265 -0.00424j ,
         0.093073-0.012729j,  0.1053  +0.03889j ,  0.04717 +0.j      ,
        -0.026872+0.030286j,  0.020344-0.011582j],
       [-0.073737-0.038549j,  0.091212-0.02186j , -0.004232+0.000714j,
        -0.061195-0.052507j, -0.035018-0.089764j, -0.026872-0.030286j,
         0.034754+0.j      , -0.019026-0.006464j],
       [ 0.047537+0.007389j, -0.045868+0.028932j,  0.002184-0.001178j,
         0.043267+0.017363j,  0.035866+0.042628j,  0.020344+0.011582j,
        -0.019026+0.006464j,  0.011618+0.j      ]]), array([[ 5.15450e-02+0.j      , -3.67120e-02+0.029939j,
         1.24813e-01+0.018499j,  6.69760e-02+0.081718j,
         3.80510e-02+0.072813j, -6.61960e-02+0.018057j,
         2.14500e-02+0.017875j,  8.53450e-02-0.004875j],
       [-3.67120e-02-0.029939j,  4.35370e-02+0.j      ,
        -7.81510e-02-0.085671j, -2.38000e-04-0.097104j,
         1.51910e-02-0.073961j,  5.76350e-02+0.025588j,
        -4.89500e-03-0.02519j , -6.36170e-02-0.046099j],
       [ 1.24813e-01-0.018499j, -7.81510e-02+0.085671j,
         3.08866e-01+0.j      ,  1.91506e-01+0.173838j,
         1.18270e-01+0.162656j, -1.53809e-01+0.067481j,
         5.83550e-02+0.035585j,  2.04908e-01-0.042434j],
       [ 6.69760e-02-0.081718j, -2.38000e-04+0.097104j,
         1.91506e-01-0.173838j,  2.16580e-01+0.j      ,
         1.64878e-01+0.034286j, -5.73860e-02+0.128408j,
         5.62100e-02-0.01078j ,  1.03166e-01-0.141638j],
       [ 3.80510e-02-0.072813j,  1.51910e-02+0.073961j,
         1.18270e-01-0.162656j,  1.64878e-01-0.034286j,
         1.30946e-01+0.j      , -2.33590e-02+0.106839j,
         4.10850e-02-0.017105j,  5.61160e-02-0.124158j],
       [-6.61960e-02-0.018057j,  5.76350e-02-0.025588j,
        -1.53809e-01-0.067481j, -5.73860e-02-0.128408j,
        -2.33590e-02-0.106839j,  9.13370e-02+0.j      ,
        -2.12850e-02-0.03047j , -1.11311e-01-0.023637j],
       [ 2.14500e-02-0.017875j, -4.89500e-03+0.02519j ,
         5.83550e-02-0.035585j,  5.62100e-02+0.01078j ,
         4.10850e-02+0.017105j, -2.12850e-02+0.03047j ,
         1.51250e-02+0.j      ,  3.38250e-02-0.031625j],
       [ 8.53450e-02+0.004875j, -6.36170e-02+0.046099j,
         2.04908e-01+0.042434j,  1.03166e-01+0.141638j,
         5.61160e-02+0.124158j, -1.11311e-01+0.023637j,
         3.38250e-02+0.031625j,  1.41770e-01+0.j      ]]), array([[ 0.240362+0.j      ,  0.240737+0.099243j, -0.033014+0.025548j,
        -0.015094+0.037716j, -0.051616+0.296308j,  0.000731-0.052673j,
        -0.122004+0.020384j,  0.033209-0.041243j],
       [ 0.240737-0.099243j,  0.282089+0.j      , -0.022517+0.039219j,
         0.000455+0.044007j,  0.070646+0.318082j, -0.021016-0.053057j,
        -0.113778+0.07079j ,  0.016232-0.055019j],
       [-0.033014-0.025548j, -0.022517-0.039219j,  0.00725 +0.j      ,
         0.006082-0.003576j,  0.038584-0.035212j, -0.005699+0.007157j,
         0.018924+0.010168j, -0.008945+0.002135j],
       [-0.015094-0.037716j,  0.000455-0.044007j,  0.006082+0.003576j,
         0.006866+0.j      ,  0.049736-0.010508j, -0.008311+0.003193j,
         0.01086 +0.017864j, -0.008557-0.002621j],
       [-0.051616-0.296308j,  0.070646-0.318082j,  0.038584+0.035212j,
         0.049736+0.010508j,  0.37636 +0.j      , -0.06509 +0.01041j ,
         0.051328+0.146024j, -0.057974-0.032082j],
       [ 0.000731+0.052673j, -0.021016+0.053057j, -0.005699-0.007157j,
        -0.008311-0.003193j, -0.06509 -0.01041j ,  0.011545+0.j      ,
        -0.004838-0.026674j,  0.009139+0.007152j],
       [-0.122004-0.020384j, -0.113778-0.07079j ,  0.018924-0.010168j,
         0.01086 -0.017864j,  0.051328-0.146024j, -0.004838+0.026674j,
         0.063656+0.j      , -0.020354+0.018118j],
       [ 0.033209+0.041243j,  0.016232+0.055019j, -0.008945-0.002135j,
        -0.008557+0.002621j, -0.057974+0.032082j,  0.009139-0.007152j,
        -0.020354-0.018118j,  0.011665+0.j      ]]), array([[ 0.08285 +0.j      , -0.08222 +0.01276j , -0.095115-0.125455j,
        -0.020156-0.027392j, -0.003175-0.166225j,  0.031667-0.069681j,
         0.046982-0.041576j, -0.052528+0.053654j],
       [-0.08222 -0.01276j ,  0.08356 +0.j      ,  0.07507 +0.13915j ,
         0.015784+0.030288j, -0.02245 +0.16545j , -0.042158+0.064274j,
        -0.053028+0.034024j,  0.060392-0.045156j],
       [-0.095115+0.125455j,  0.07507 -0.13915j ,  0.299165+0.j      ,
         0.064618+0.000926j,  0.25535 +0.186025j,  0.069159+0.127948j,
         0.009019+0.118873j, -0.020941-0.141137j],
       [-0.020156+0.027392j,  0.015784-0.030288j,  0.064618-0.000926j,
         0.01396 +0.j      ,  0.05573 +0.03939j ,  0.015334+0.027422j,
         0.002316+0.025648j, -0.00496 -0.03042j ],
       [-0.003175+0.166225j, -0.02245 -0.16545j ,  0.25535 -0.186025j,
         0.05573 -0.03939j ,  0.333625+0.j      ,  0.13859 +0.066205j,
         0.081615+0.095855j, -0.105635-0.107445j],
       [ 0.031667+0.069681j, -0.042158-0.064274j,  0.069159-0.127948j,
         0.015334-0.027422j,  0.13859 -0.066205j,  0.070709+0.j      ,
         0.052925+0.023623j, -0.065203-0.023671j],
       [ 0.046982+0.041576j, -0.053028-0.034024j,  0.009019-0.118873j,
         0.002316-0.025648j,  0.081615-0.095855j,  0.052925-0.023623j,
         0.047506+0.j      , -0.056712+0.004066j],
       [-0.052528-0.053654j,  0.060392+0.045156j, -0.020941+0.141137j,
        -0.00496 +0.03042j , -0.105635+0.107445j, -0.065203+0.023671j,
        -0.056712-0.004066j,  0.06805 +0.j      ]]), array([[ 0.59581 +0.j      ,  0.096067-0.043249j, -0.101957+0.001029j,
        -0.055025+0.028915j, -0.24319 -0.17225j ,  0.184391+0.122523j,
         0.244155-0.097495j,  0.091761+0.028053j],
       [ 0.096067+0.043249j,  0.018629+0.j      , -0.016514-0.007235j,
        -0.010971+0.000668j, -0.026708-0.045426j,  0.020837+0.03314j ,
         0.046444+0.002003j,  0.012759+0.011184j],
       [-0.101957-0.001029j, -0.016514+0.007235j,  0.017449+0.j      ,
         0.009466-0.004853j,  0.041318+0.029896j, -0.031342-0.021285j,
        -0.041949+0.016262j, -0.015654-0.004959j],
       [-0.055025-0.028915j, -0.010971-0.000668j,  0.009466+0.004853j,
         0.006485+0.j      ,  0.0141  +0.02771j , -0.011083-0.020264j,
        -0.02728 -0.002845j, -0.007113-0.007044j],
       [-0.24319 +0.17225j , -0.026708+0.045426j,  0.041318-0.029896j,
         0.0141  -0.02771j ,  0.14906 +0.j      , -0.110684+0.003298j,
        -0.07147 +0.11038j , -0.045564+0.015078j],
       [ 0.184391-0.122523j,  0.020837-0.03314j , -0.031342+0.021285j,
        -0.011083+0.020264j, -0.110684-0.003298j,  0.082261+0.j      ,
         0.055512-0.080381j,  0.034167-0.010188j],
       [ 0.244155+0.097495j,  0.046444-0.002003j, -0.041949-0.016262j,
        -0.02728 +0.002845j, -0.07147 -0.11038j ,  0.055512+0.080381j,
         0.116005+0.j      ,  0.033012+0.026511j],
       [ 0.091761-0.028053j,  0.012759-0.011184j, -0.015654+0.004959j,
        -0.007113+0.007044j, -0.045564-0.015078j,  0.034167+0.010188j,
         0.033012-0.026511j,  0.015453+0.j      ]]), array([[ 0.266705+0.j      , -0.033382-0.168356j, -0.044718-0.213399j,
        -0.077718+0.038501j,  0.143093-0.048571j, -0.061976-0.031878j,
         0.207799+0.175832j, -0.095778+0.016336j],
       [-0.033382+0.168356j,  0.110452+0.j      ,  0.140304-0.001518j,
        -0.014576-0.053878j,  0.01275 +0.096406j,  0.02788 -0.035132j,
        -0.137002+0.109164j,  0.001676-0.062504j],
       [-0.044718+0.213399j,  0.140304+0.001518j,  0.178245+0.j      ,
        -0.017775-0.06864j ,  0.014871+0.122637j,  0.035898-0.044244j,
        -0.17553 +0.136785j,  0.002988-0.079374j],
       [-0.077718-0.038501j, -0.014576+0.053878j, -0.017775+0.06864j ,
         0.028205+0.j      , -0.048709-0.006503j,  0.013458+0.018236j,
        -0.03517 -0.081235j,  0.030268+0.009066j],
       [ 0.143093+0.048571j,  0.01275 -0.096406j,  0.014871-0.122637j,
        -0.048709+0.006503j,  0.085618+0.j      , -0.027446-0.02839j ,
         0.079467+0.132181j, -0.054362-0.008678j],
       [-0.061976+0.031878j,  0.02788 +0.035132j,  0.035898+0.044244j,
         0.013458-0.018236j, -0.027446+0.02839j ,  0.018212+0.j      ,
        -0.069304-0.016022j,  0.020304-0.015244j],
       [ 0.207799-0.175832j, -0.137002-0.109164j, -0.17553 -0.136785j,
        -0.03517 +0.081235j,  0.079467-0.132181j, -0.069304+0.016022j,
         0.277825+0.j      , -0.063854+0.075872j],
       [-0.095778-0.016336j,  0.001676+0.062504j,  0.002988+0.079374j,
         0.030268-0.009066j, -0.054362+0.008678j,  0.020304+0.015244j,
        -0.063854-0.075872j,  0.035396+0.j      ]]), array([[ 0.125252+0.j      , -0.08734 -0.128096j,  0.128372-0.022356j,
        -0.082442-0.201972j, -0.07688 +0.040232j,  0.012358-0.086382j,
         0.016432-0.01754j ,  0.041404-0.060142j],
       [-0.08734 +0.128096j,  0.191908+0.j      , -0.066652+0.146876j,
         0.264046+0.056524j,  0.012464-0.10668j ,  0.079726+0.072874j,
         0.00648 +0.029036j,  0.032636+0.084282j],
       [ 0.128372+0.022356j, -0.066652-0.146876j,  0.13556 +0.j      ,
        -0.048446-0.221718j, -0.085976+0.027512j,  0.028084-0.086328j,
         0.019972-0.015044j,  0.05317 -0.05425j ],
       [-0.082442+0.201972j,  0.264046-0.056524j, -0.048446+0.221718j,
         0.379949+0.j      , -0.014272-0.150452j,  0.131159+0.076785j,
         0.017468+0.038042j,  0.069728+0.106351j],
       [-0.07688 -0.040232j,  0.012464+0.10668j , -0.085976-0.027512j,
        -0.014272+0.150452j,  0.060112+0.j      , -0.035332+0.049052j,
        -0.01572 +0.005488j, -0.044732+0.023616j],
       [ 0.012358+0.086382j,  0.079726-0.072874j,  0.028084+0.086328j,
         0.131159-0.076785j, -0.035332-0.049052j,  0.060794+0.j      ,
         0.013718+0.009602j,  0.045563+0.022621j],
       [ 0.016432+0.01754j ,  0.00648 -0.029036j,  0.019972+0.015044j,
         0.017468-0.038042j, -0.01572 -0.005488j,  0.013718-0.009602j,
         0.004612+0.j      ,  0.013854-0.002092j],
       [ 0.041404+0.060142j,  0.032636-0.084282j,  0.05317 +0.05425j ,
         0.069728-0.106351j, -0.044732-0.023616j,  0.045563-0.022621j,
         0.013854+0.002092j,  0.042565+0.j      ]]), array([[ 0.01764 +0.00000e+00j, -0.02121 +1.65900e-02j,
         0.01344 -1.93200e-02j,  0.010458-7.14000e-04j,
        -0.01344 -4.20000e-04j,  0.02079 -5.67000e-03j,
        -0.020958-1.26000e-04j, -0.041538+1.14534e-01j],
       [-0.02121 -1.65900e-02j,  0.041105+0.00000e+00j,
        -0.03433 +1.05900e-02j, -0.013246-8.97700e-03j,
         0.015765+1.31450e-02j, -0.03033 -1.27350e-02j,
         0.025081+1.98620e-02j,  0.157661-9.86480e-02j],
       [ 0.01344 +1.93200e-02j, -0.03433 -1.05900e-02j,
         0.0314  +0.00000e+00j,  0.00875 +1.09100e-02j,
        -0.00978 -1.50400e-02j,  0.02205 +1.84500e-02j,
        -0.01583 -2.30500e-02j, -0.15709 +4.17700e-02j],
       [ 0.010458+7.14000e-04j, -0.013246+8.97700e-03j,
         0.00875 -1.09100e-02j,  0.006229+0.00000e+00j,
        -0.007951-7.93000e-04j,  0.012555-2.52000e-03j,
        -0.01242 -9.23000e-04j, -0.029262+6.62210e-02j],
       [-0.01344 +4.20000e-04j,  0.015765-1.31450e-02j,
        -0.00978 +1.50400e-02j, -0.007951+7.93000e-04j,
         0.01025 +0.00000e+00j, -0.015705+4.81500e-03j,
         0.015971-4.03000e-04j,  0.028921-8.82530e-02j],
       [ 0.02079 +5.67000e-03j, -0.03033 +1.27350e-02j,
         0.02205 -1.84500e-02j,  0.012555+2.52000e-03j,
        -0.015705-4.81500e-03j,  0.026325+0.00000e+00j,
        -0.02466 -6.88500e-03j, -0.08577 +1.21635e-01j],
       [-0.020958+1.26000e-04j,  0.025081-1.98620e-02j,
        -0.01583 +2.30500e-02j, -0.01242 +9.23000e-04j,
         0.015971+4.03000e-04j, -0.02466 +6.88500e-03j,
         0.024901+0.00000e+00j,  0.048533-1.36374e-01j],
       [-0.041538-1.14534e-01j,  0.157661+9.86480e-02j,
        -0.15709 -4.17700e-02j, -0.029262-6.62210e-02j,
         0.028921+8.82530e-02j, -0.08577 -1.21635e-01j,
         0.048533+1.36374e-01j,  0.841465+0.00000e+00j]]), array([[ 0.02192 +0.j      , -0.046396+0.025988j,  0.000668+0.008276j,
         0.03938 +0.0213j  , -0.032632+0.025616j,  0.032288-0.016424j,
        -0.0577  +0.09546j ,  0.030524+0.011468j],
       [-0.046396-0.025988j,  0.129013+0.j      ,  0.008398-0.018309j,
        -0.058099-0.091772j,  0.099439-0.015531j, -0.087813-0.003517j,
         0.235304-0.133643j, -0.051011-0.060462j],
       [ 0.000668-0.008276j,  0.008398+0.018309j,  0.003145+0.j      ,
         0.009242-0.014219j,  0.008677+0.013101j, -0.005217-0.012691j,
         0.034283+0.024694j,  0.00526 -0.011175j],
       [ 0.03938 -0.0213j  , -0.058099+0.091772j,  0.009242+0.014219j,
         0.091445+0.j      , -0.033733+0.077729j,  0.042047-0.060881j,
        -0.0109  +0.227565j,  0.065981-0.009058j],
       [-0.032632-0.025616j,  0.099439+0.015531j,  0.008677-0.013101j,
        -0.033733-0.077729j,  0.078514+0.j      , -0.06726 -0.013282j,
         0.197453-0.074681j, -0.032039-0.052743j],
       [ 0.032288+0.016424j, -0.087813+0.003517j, -0.005217+0.012691j,
         0.042047+0.060881j, -0.06726 +0.013282j,  0.059866+0.j      ,
        -0.156517+0.097379j,  0.036369+0.039763j],
       [-0.0577  -0.09546j ,  0.235304+0.133643j,  0.034283-0.024694j,
        -0.0109  -0.227565j,  0.197453+0.074681j, -0.156517-0.097379j,
         0.567605+0.j      , -0.030406-0.163117j],
       [ 0.030524-0.011468j, -0.051011+0.060462j,  0.00526 +0.011175j,
         0.065981+0.009058j, -0.032039+0.052743j,  0.036369-0.039763j,
        -0.030406+0.163117j,  0.048505+0.j      ]]), array([[ 5.47490e-01+0.00000e+00j,  4.09343e-01-1.41011e-01j,
        -8.14360e-02-3.07480e-02j,  5.17000e-03+4.47100e-02j,
        -6.27380e-02-4.90740e-02j, -2.77480e-02-2.28740e-02j,
        -1.32883e-01+1.53371e-01j,  2.39090e-02-3.36230e-02j],
       [ 4.09343e-01+1.41011e-01j,  3.42373e-01+0.00000e+00j,
        -5.29680e-02-4.39640e-02j, -7.65000e-03+3.47600e-02j,
        -3.42680e-02-5.28500e-02j, -1.48550e-02-2.42490e-02j,
        -1.38855e-01+8.04460e-02j,  2.65360e-02-1.89810e-02j],
       [-8.14360e-02+3.07480e-02j, -5.29680e-02+4.39640e-02j,
         1.38400e-02+0.00000e+00j, -3.28000e-03-6.36000e-03j,
         1.20880e-02+3.77600e-03j,  5.41200e-03+1.84400e-03j,
         1.11520e-02-3.02760e-02j, -1.66800e-03+6.34400e-03j],
       [ 5.17000e-03-4.47100e-02j, -7.65000e-03-3.47600e-02j,
        -3.28000e-03+6.36000e-03j,  3.70000e-03+0.00000e+00j,
        -4.60000e-03+4.66000e-03j, -2.13000e-03+2.05000e-03j,
         1.12700e-02+1.23000e-02j, -2.52000e-03-2.27000e-03j],
       [-6.27380e-02+4.90740e-02j, -3.42680e-02+5.28500e-02j,
         1.20880e-02-3.77600e-03j, -4.60000e-03-4.66000e-03j,
         1.15880e-02+0.00000e+00j,  5.23000e-03+1.34000e-04j,
         1.48000e-03-2.94860e-02j,  2.74000e-04+5.99600e-03j],
       [-2.77480e-02+2.28740e-02j, -1.48550e-02+2.42490e-02j,
         5.41200e-03-1.84400e-03j, -2.13000e-03-2.05000e-03j,
         5.23000e-03-1.34000e-04j,  2.36200e-03+0.00000e+00j,
         3.27000e-04-1.33250e-02j,  1.93000e-04+2.70300e-03j],
       [-1.32883e-01-1.53371e-01j, -1.38855e-01-8.04460e-02j,
         1.11520e-02+3.02760e-02j,  1.12700e-02-1.23000e-02j,
         1.48000e-03+2.94860e-02j,  3.27000e-04+1.33250e-02j,
         7.52170e-02+0.00000e+00j, -1.52220e-02+1.46300e-03j],
       [ 2.39090e-02+3.36230e-02j,  2.65360e-02+1.89810e-02j,
        -1.66800e-03-6.34400e-03j, -2.52000e-03+2.27000e-03j,
         2.74000e-04-5.99600e-03j,  1.93000e-04-2.70300e-03j,
        -1.52220e-02-1.46300e-03j,  3.10900e-03+0.00000e+00j]]), array([[ 0.27781 +0.j      ,  0.099908+0.144354j, -0.108328+0.040006j,
        -0.12884 +0.01256j ,  0.161674-0.033718j, -0.248443+0.002821j,
        -0.003113+0.021771j, -0.101151+0.200067j],
       [ 0.099908-0.144354j,  0.110938+0.j      , -0.01817 +0.070676j,
        -0.039808+0.071464j,  0.040622-0.096134j, -0.087881+0.130109j,
         0.010193+0.009447j,  0.067581+0.124509j],
       [-0.108328-0.040006j, -0.01817 -0.070676j,  0.048002+0.j      ,
         0.052048+0.013656j, -0.067898-0.010134j,  0.097283+0.034677j,
         0.004349-0.008041j,  0.068253-0.063447j],
       [-0.12884 -0.01256j , -0.039808-0.071464j,  0.052048-0.013656j,
         0.06032 +0.j      , -0.076504+0.008328j,  0.115348+0.009924j,
         0.002428-0.009956j,  0.055956-0.088212j],
       [ 0.161674+0.033718j,  0.040622+0.096134j, -0.067898+0.010134j,
        -0.076504-0.008328j,  0.09818 +0.j      , -0.144926-0.028512j,
        -0.004454+0.012292j, -0.083148+0.104154j],
       [-0.248443-0.002821j, -0.087881-0.130109j,  0.097283-0.034677j,
         0.115348-0.009924j, -0.144926+0.028512j,  0.222209+0.j      ,
         0.003005-0.019438j,  0.09249 -0.177891j],
       [-0.003113-0.021771j,  0.010193-0.009447j,  0.004349+0.008041j,
         0.002428+0.009956j, -0.004454-0.012292j,  0.003005+0.019438j,
         0.001741+0.j      ,  0.016812+0.005685j],
       [-0.101151-0.200067j,  0.067581-0.124509j,  0.068253+0.063447j,
         0.055956+0.088212j, -0.083148-0.104154j,  0.09249 +0.177891j,
         0.016812-0.005685j,  0.180909+0.j      ]]), array([[ 0.086105+0.j      ,  0.013679+0.039158j,  0.005906+0.057092j,
        -0.06333 +0.042265j, -0.019816+0.132423j,  0.158085+0.032955j,
        -0.080369-0.122768j,  0.046656-0.013598j],
       [ 0.013679-0.039158j,  0.019981+0.j      ,  0.026902+0.006384j,
         0.00916 +0.035515j,  0.057074+0.030049j,  0.040101-0.066657j,
        -0.068599+0.017046j,  0.001228-0.023378j],
       [ 0.005906-0.057092j,  0.026902-0.006384j,  0.03826 +0.j      ,
         0.02368 +0.04489j ,  0.086444+0.022222j,  0.032694-0.102558j,
        -0.086914+0.044868j, -0.005816-0.031868j],
       [-0.06333 -0.042265j,  0.00916 -0.035515j,  0.02368 -0.04489j ,
         0.067325+0.j      ,  0.079575-0.08767j , -0.100095-0.101835j,
        -0.00115 +0.129745j, -0.04099 -0.0129j  ],
       [-0.019816-0.132423j,  0.057074-0.030049j,  0.086444-0.022222j,
         0.079575+0.08767j ,  0.208217+0.j      ,  0.014301-0.250707j,
        -0.170312+0.151855j, -0.03165 -0.068624j],
       [ 0.158085-0.032955j,  0.040101+0.066657j,  0.032694+0.102558j,
        -0.100095+0.101835j,  0.014301+0.250707j,  0.30285 +0.j      ,
        -0.194541-0.194637j,  0.080454-0.042822j],
       [-0.080369+0.122768j, -0.068599-0.017046j, -0.086914-0.044868j,
        -0.00115 -0.129745j, -0.170312-0.151855j, -0.194541+0.194637j,
         0.250057+0.j      , -0.02416 +0.079214j],
       [ 0.046656+0.013598j,  0.001228+0.023378j, -0.005816+0.031868j,
        -0.04099 +0.0129j  , -0.03165 +0.068624j,  0.080454+0.042822j,
        -0.02416 -0.079214j,  0.027428+0.j      ]]), array([[ 0.075825+0.j      ,  0.01608 -0.05667j , -0.029115-0.00216j ,
        -0.041895+0.143565j,  0.039735+0.05742j ,  0.059175-0.02769j ,
        -0.1005  +0.154515j, -0.01692 -0.001935j],
       [ 0.01608 +0.05667j ,  0.045764+0.j      , -0.00456 -0.022218j,
